0. [31076] → 1243
1. [30198] → 3429
2. [30224] → 8376
3. [31403] → 731
4. [31960] → 9281
5. [30229] → 1658
6. [31864] → 409
7. [32784] → 1814
8. [31490] → 140
9. [31524] → 187
10. [30354] → 351
11. [30892] → 2749
12. [32655] → 184
13. [32583] → 115
14. [30940] → 384
15. [31043] → 3898
16. [31918] → 531
17. [31924] → 124
18. [31936] → 979
19. [31862] → 5053
20. [31606] → 63
21. [31735] → 139
22. [31367] → 1072
23. [31374] → 1128
24. [30665] → 375
25. [31041] → 4457
26. [31245] → 362
27. [30215] → 616
28. [32206] → 146
29. [30225] → 3136
30. [30565] → 2115
31. [31340] → 348
32. [31280] → 1183
33. [31281] → 809
34. [32054] → 347
35. [31012] → 469
36. [31955] → 1035
37. [31363] → 2533
38. [31365] → 518
39. [30201] → 4430
40. [31482] → 594
41. [30633] → 356
42. [31177] → 105
43. [31179] → 54
44. [31870] → 473
45. [31934] → 808
46. [31945] → 113
47. [32591] → 177
48. [31979] → 78
49. [32036] → 1609
50. [30920] → 802
51. [31326] → 79
52. [32773] → 4812
53. [30786] → 1634
54. [30797] → 1209
55. [30175] → 265
56. [30960] → 176
57. [31938] → 358
58. [31949] → 182
59. [30767] → 1269
60. [31577] → 101
61. [30245] → 2448
62. [30796] → 966
63. [31305] → 58
64. [31944] → 1198
65. [31285] → 2251
66. [32667] → 712
67. [31849] → 1769
68. [31851] → 2384
69. [31077] → 2257
70. [31212] → 198
71. [30885] → 1184
72. [32664] → 366
73. [30244] → 4441
74. [31267] → 2163
75. [31338] → 222
76. [30270] → 413
77. [30762] → 219
78. [30764] → 383
79. [30810] → 815
80. [32654] → 72
81. [30519] → 234
82. [31521] → 268
83. [31530] → 418
84. [31354] → 1195
85. [31455] → 104
86. [31946] → 1120
87. [32416] → 815
88. [32786] → 1772
89. [30919] → 206
90. [30925] → 101
91. [30939] → 358
92. [31578] → 174
93. [31856] → 273
94. [30202] → 1833
95. [30852] → 2503
96. [30869] → 428
97. [30873] → 339
98. [30874] → 413
99. [30908] → 356
100. [31565] → 3030
101. [32599] → 912
102. [30429] → 503
103. [30923] → 75
104. [30791] → 348
105. [31552] → 184
106. [30587] → 214
107. [30801] → 88
108. [30153] → 836
109. [31566] → 903
110. [31593] → 101
111. [31595] → 24
112. [31252] → 283
113. [31935] → 374
114. [31937] → 1810
115. [32056] → 849
116. [31032] → 1649
117. [30790] → 323
118. [31250] → 600
119. [31279] → 259
120. [30114] → 223
121. [30838] → 767
122. [31975] → 597
123. [31784] → 1184
124. [30221] → 314
125. [30217] → 2940
126. [30205] → 4034
127. [30822] → 366
128. [31783] → 198
129. [30679] → 192
130. [30845] → 531
131. [30149] → 379
132. [30567] → 626
133. [30789] → 453
134. [31854] → 5105
135. [30953] → 834
136. [32348] → 78
137. [30363] → 2658
138. [30144] → 1107
139. [30254] → 973
140. [31837] → 1441
141. [31839] → 323
142. [31861] → 1626
143. [31878] → 671
144. [31313] → 507
145. [32718] → 142
146. [30164] → 125
147. [30359] → 393
148. [30554] → 282
149. [31098] → 132
150. [32584] → 529
151. [31390] → 926
152. [31392] → 691
153. [31316] → 1093
154. [31318] → 219
155. [30601] → 10
156. [31046] → 3154
157. [31866] → 259
158. [31903] → 292
159. [31074] → 777
160. [30805] → 31
161. [31962] → 575
162. [30052] → 223
163. [30110] → 122
164. [30126] → 166
165. [31616] → 215
166. [31881] → 257
167. [30833] → 126
168. [32212] → 55
169. [30772] → 558
170. [30779] → 214
171. [31190] → 507
172. [31626] → 195
173. [31242] → 111
174. [32047] → 408
175. [32058] → 433
176. [31366] → 963
177. [31304] → 408
178. [31070] → 1273
179. [32779] → 228
180. [31383] → 240
181. [32050] → 690
182. [30654] → 391
183. [30978] → 101
184. [31075] → 562
185. [30653] → 178
186. [31915] → 1759
187. [31917] → 41
188. [31860] → 613
189. [30618] → 85
190. [31364] → 1282
191. [31384] → 182
192. [31598] → 130
193. [31600] → 350
194. [31602] → 273
195. [31506] → 547
196. [31225] → 74
197. [30148] → 316
198. [31460] → 52
199. [31284] → 400
200. [31668] → 305
201. [31841] → 1192
202. [30176] → 161
203. [31882] → 93
204. [30035] → 146
205. [30818] → 252
206. [32273] → 268
207. [31002] → 936
208. [31007] → 351
209. [31056] → 228
210. [31018] → 953
211. [31994] → 165
212. [31996] → 88
213. [31556] → 749
214. [31579] → 1229
215. [31066] → 1375
216. [30436] → 90
217. [30770] → 177
218. [31853] → 524
219. [30062] → 119
220. [32220] → 163
221. [32226] → 33
222. [32368] → 46
223. [30185] → 32
224. [32180] → 157
225. [31549] → 111
226. [31857] → 630
227. [30842] → 73
228. [32716] → 152
229. [32571] → 665
230. [31315] → 197
231. [30374] → 562
232. [31307] → 352
233. [31208] → 55
234. [31209] → 41
235. [31210] → 31
236. [30977] → 313
237. [30253] → 274
238. [32062] → 300
239. [32271] → 284
240. [31887] → 178
241. [32053] → 796
242. [31040] → 1651
243. [30182] → 161
244. [31888] → 388
245. [31023] → 950
246. [31205] → 168
247. [31287] → 151
248. [31288] → 298
249. [32068] → 226
250. [32089] → 470
251. [32222] → 26
252. [30268] → 943
253. [30274] → 786
254. [32100] → 341
255. [30831] → 329
256. [30906] → 613
257. [30927] → 356
258. [32670] → 208
259. [31571] → 463
260. [31009] → 235
261. [31029] → 272
262. [31871] → 888
263. [32038] → 752
264. [32052] → 149
265. [30931] → 781
266. [30877] → 1497
267. [30881] → 1041
268. [30886] → 563
269. [30993] → 66
270. [32593] → 536
271. [32230] → 69
272. [31133] → 632
273. [31034] → 540
274. [30364] → 111
275. [30859] → 13
276. [31463] → 144
277. [31332] → 523
278. [31333] → 64
279. [31362] → 256
280. [30430] → 773
281. [30431] → 186
282. [30957] → 69
283. [30968] → 67
284. [30975] → 84
285. [31925] → 424
286. [31042] → 653
287. [30259] → 308
288. [30753] → 112
289. [30019] → 89
290. [30247] → 148
291. [32041] → 404
292. [31060] → 107
293. [31044] → 174
294. [31045] → 185
295. [31391] → 161
296. [31831] → 433
297. [31855] → 293
298. [31901] → 105
299. [31909] → 175
300. [31910] → 122
301. [32027] → 190
302. [30901] → 150
303. [32101] → 189
304. [31502] → 39
305. [32305] → 90
306. [31930] → 47
307. [32078] → 9
308. [32628] → 69
309. [31583] → 387
310. [30252] → 329
311. [31195] → 70
312. [31343] → 169
313. [31328] → 621
314. [30756] → 18
315. [30197] → 500
316. [31419] → 154
317. [30377] → 58
318. [30486] → 105
319. [30365] → 369
320. [31217] → 56
321. [32207] → 210
322. [31900] → 74
323. [31969] → 67
324. [32006] → 58
325. [31004] → 371
326. [31013] → 325
327. [31574] → 194
328. [31406] → 280
329. [30922] → 607
330. [32652] → 67
331. [31309] → 38
332. [31765] → 354
333. [31793] → 267
334. [30121] → 4
335. [31372] → 384
336. [30333] → 27
337. [30341] → 166
338. [32729] → 112
339. [30974] → 313
340. [30982] → 282
341. [30455] → 202
342. [31394] → 95
343. [31872] → 228
344. [32581] → 294
345. [32582] → 381
346. [31622] → 181
347. [32781] → 38
348. [32059] → 1198
349. [32213] → 414
350. [32663] → 415
351. [31069] → 1463
352. [31071] → 805
353. [31880] → 215
354. [30935] → 292
355. [30243] → 270
356. [31290] → 108
357. [31295] → 281
358. [31421] → 40
359. [31422] → 44
360. [31904] → 104
361. [31335] → 670
362. [30195] → 352
363. [31298] → 26
364. [31547] → 134
365. [31770] → 107
366. [32055] → 397
367. [31022] → 145
368. [31890] → 347
369. [30794] → 625
370. [31184] → 28
371. [32615] → 52
372. [31220] → 42
373. [31221] → 96
374. [31226] → 340
375. [31921] → 278
376. [30773] → 1032
377. [30806] → 53
378. [32117] → 168
379. [32594] → 468
380. [31087] → 248
381. [30792] → 84
382. [31832] → 113
383. [30362] → 372
384. [30538] → 373
385. [30605] → 329
386. [30272] → 170
387. [30766] → 114
388. [30134] → 131
389. [31334] → 243
390. [30851] → 502
391. [32772] → 16
392. [30647] → 80
393. [31927] → 603
394. [31008] → 176
395. [30219] → 2
396. [32626] → 149
397. [32771] → 325
398. [31842] → 414
399. [31005] → 113
400. [31010] → 21
401. [30150] → 159
402. [31789] → 751
403. [31015] → 237
404. [30226] → 672
405. [31065] → 325
406. [31312] → 288
407. [30863] → 19
408. [30868] → 24
409. [31454] → 220
410. [31461] → 324
411. [31466] → 307
412. [32066] → 59
413. [32069] → 49
414. [30955] → 8
415. [31570] → 15
416. [31036] → 213
417. [31683] → 319
418. [31829] → 242
419. [31153] → 196
420. [30462] → 401
421. [31696] → 264
422. [31473] → 171
423. [30169] → 153
424. [30586] → 746
425. [30591] → 234
426. [31642] → 703
427. [30179] → 568
428. [31105] → 120
429. [31107] → 124
430. [31412] → 379
431. [31271] → 328
432. [31272] → 22
433. [31276] → 208
434. [32662] → 59
435. [31449] → 196
436. [31714] → 260
437. [31706] → 427
438. [31707] → 28
439. [30835] → 810
440. [31331] → 225
441. [32783] → 270
442. [31719] → 196
443. [31033] → 576
444. [31039] → 743
445. [31493] → 121
446. [31448] → 433
447. [30983] → 233
448. [32601] → 689
449. [32219] → 508
450. [30454] → 177
451. [31732] → 151
452. [31672] → 391
453. [31196] → 35
454. [30093] → 630
455. [31441] → 284
456. [31369] → 623
457. [31889] → 265
458. [31894] → 193
459. [30192] → 61
460. [31663] → 321
461. [31986] → 85
462. [31317] → 391
463. [30184] → 42
464. [30188] → 159
465. [31088] → 172
466. [32241] → 30
467. [32426] → 92
468. [31078] → 98
469. [31914] → 309
470. [30379] → 68
471. [31219] → 85
472. [32600] → 698
473. [31166] → 212
474. [31169] → 90
475. [31094] → 134
476. [30351] → 89
477. [31753] → 168
478. [31754] → 148
479. [31621] → 147
480. [31407] → 103
481. [31942] → 186
482. [30617] → 153
483. [30592] → 271
484. [30776] → 346
485. [30780] → 380
486. [31031] → 181
487. [31581] → 74
488. [31396] → 155
489. [31393] → 63
490. [31180] → 65
491. [31346] → 133
492. [30735] → 24
493. [31175] → 29
494. [31230] → 106
495. [32580] → 21
496. [31943] → 437
497. [30441] → 397
498. [31395] → 267
499. [30880] → 221
500. [31734] → 313
501. [31368] → 364
502. [31505] → 123
503. [31653] → 7
504. [31655] → 24
505. [32082] → 67
506. [31601] → 294
507. [31207] → 171
508. [31327] → 104
509. [31059] → 210
510. [31061] → 263
511. [30152] → 19
512. [31050] → 326
513. [31697] → 225
514. [30032] → 384
515. [30949] → 197
516. [30987] → 89
517. [30988] → 91
518. [30991] → 63
519. [32780] → 251
520. [32585] → 314
521. [31405] → 200
522. [30585] → 41
523. [30809] → 190
524. [32640] → 66
525. [30140] → 75
526. [30777] → 72
527. [30788] → 781
528. [30795] → 41
529. [32063] → 155
530. [30250] → 820
531. [32447] → 766
532. [31426] → 16
533. [30223] → 805
534. [31067] → 200
535. [31325] → 646
536. [31055] → 109
537. [31809] → 78
538. [30428] → 439
539. [30474] → 169
540. [31373] → 915
541. [31248] → 355
542. [30811] → 28
543. [30814] → 44
544. [30111] → 173
545. [31553] → 80
546. [32587] → 62
547. [31822] → 118
548. [32057] → 202
549. [30100] → 47
550. [30800] → 28
551. [31645] → 63
552. [30763] → 50
553. [30768] → 8
554. [32132] → 8
555. [31344] → 107
556. [32177] → 162
557. [30361] → 158
558. [32002] → 86
559. [30632] → 318
560. [31533] → 57
561. [32131] → 34
562. [32169] → 27
563. [31836] → 150
564. [30521] → 53
565. [31868] → 158
566. [31155] → 650
567. [31572] → 121
568. [31168] → 282
569. [32328] → 35
570. [30108] → 124
571. [30137] → 43
572. [31698] → 161
573. [32590] → 414
574. [30161] → 104
575. [31980] → 23
576. [30995] → 209
577. [31424] → 121
578. [31459] → 179
579. [30611] → 157
580. [31378] → 393
581. [31573] → 207
582. [31958] → 97
583. [31170] → 90
584. [30183] → 69
585. [31902] → 74
586. [31063] → 67
587. [31472] → 87
588. [32127] → 96
589. [31236] → 82
590. [31237] → 20
591. [31438] → 74
592. [31159] → 200
593. [32210] → 312
594. [32649] → 150
595. [30107] → 322
596. [32672] → 16
597. [32597] → 86
598. [32778] → 168
599. [31898] → 101
600. [30463] → 21
601. [31702] → 16
602. [30858] → 68
603. [32021] → 281
604. [32025] → 27
605. [31580] → 509
606. [30564] → 58
607. [32776] → 18
608. [30472] → 73
609. [31729] → 81
610. [30921] → 114
611. [30593] → 117
612. [31507] → 87
613. [30648] → 231
614. [30951] → 108
615. [30998] → 4
616. [30283] → 121
617. [30284] → 108
618. [32227] → 23
619. [30089] → 110
620. [30094] → 98
621. [30876] → 125
622. [32653] → 8
623. [31308] → 21
624. [31425] → 81
625. [31744] → 97
626. [30269] → 94
627. [32745] → 9
628. [31951] → 94
629. [32128] → 54
630. [32336] → 13
631. [32051] → 150
632. [30078] → 136
633. [32116] → 20
634. [30501] → 16
635. [31607] → 20
636. [31818] → 18
637. [31232] → 54
638. [32579] → 73
639. [31966] → 90
640. [31699] → 167
641. [31757] → 111
642. [31867] → 74
643. [32595] → 141
644. [32329] → 348
645. [31275] → 65
646. [32215] → 178
647. [30662] → 183
648. [30879] → 365
649. [30883] → 408
650. [30884] → 74
651. [30572] → 1
652. [30887] → 28
653. [32669] → 112
654. [31296] → 41
655. [31320] → 142
656. [30856] → 54
657. [31132] → 69
658. [30846] → 24
659. [30959] → 65
660. [31953] → 165
661. [31311] → 218
662. [30834] → 441
663. [31499] → 495
664. [32286] → 57
665. [31527] → 11
666. [30889] → 107
667. [32785] → 318
668. [31806] → 61
669. [32294] → 74
670. [31516] → 194
671. [31293] → 101
672. [31051] → 170
673. [32199] → 11
674. [32438] → 39
675. [32552] → 57
676. [30904] → 56
677. [31756] → 131
678. [30384] → 30
679. [31956] → 367
680. [31356] → 76
681. [31731] → 132
682. [32578] → 26
683. [31957] → 56
684. [31342] → 410
685. [31359] → 248
686. [31749] → 202
687. [31430] → 47
688. [30095] → 191
689. [32515] → 65
690. [30865] → 16
691. [31402] → 119
692. [32420] → 44
693. [32442] → 123
694. [30267] → 36
695. [30624] → 34
696. [32008] → 78
697. [32644] → 36
698. [31099] → 104
699. [31001] → 11
700. [31779] → 250
701. [32034] → 77
702. [32043] → 109
703. [32070] → 99
704. [30905] → 113
705. [31576] → 303
706. [32598] → 150
707. [32768] → 211
708. [32618] → 109
709. [31745] → 11
710. [31488] → 105
711. [31497] → 28
712. [32260] → 30
713. [30113] → 77
714. [32607] → 102
715. [31883] → 318
716. [31884] → 391
717. [30138] → 82
718. [31715] → 87
719. [32326] → 36
720. [31073] → 280
721. [32044] → 50
722. [31932] → 121
723. [31092] → 193
724. [32024] → 96
725. [31443] → 19
726. [30697] → 130
727. [31596] → 201
728. [31624] → 254
729. [30117] → 7
730. [32071] → 95
731. [30926] → 47
732. [31199] → 349
733. [32586] → 106
734. [32782] → 126
735. [32617] → 55
736. [32592] → 90
737. [30404] → 45
738. [30891] → 14
739. [30010] → 38
740. [31351] → 174
741. [31352] → 3
742. [30992] → 99
743. [31266] → 313
744. [31269] → 196
745. [31223] → 61
746. [31246] → 147
747. [31568] → 173
748. [31743] → 20
749. [30658] → 194
750. [30668] → 170
751. [32017] → 37
752. [30604] → 87
753. [31989] → 109
754. [30928] → 214
755. [30962] → 100
756. [32010] → 107
757. [31974] → 19
758. [30847] → 17
759. [31865] → 37
760. [31981] → 30
761. [31873] → 108
762. [32223] → 86
763. [32224] → 21
764. [31540] → 11
765. [31090] → 123
766. [31592] → 39
767. [31614] → 43
768. [31518] → 36
769. [30943] → 80
770. [31052] → 72
771. [30765] → 63
772. [31387] → 110
773. [31481] → 43
774. [30783] → 55
775. [30037] → 172
776. [32274] → 66
777. [31457] → 46
778. [31444] → 3
779. [31838] → 7
780. [30102] → 100
781. [31620] → 27
782. [31124] → 62
783. [31125] → 10
784. [31126] → 25
785. [31594] → 66
786. [31303] → 17
787. [31054] → 136
788. [30308] → 43
789. [32621] → 96
790. [32088] → 252
791. [30091] → 65
792. [30260] → 266
793. [31198] → 8
794. [31575] → 6
795. [32129] → 14
796. [30018] → 60
797. [32737] → 97
798. [31116] → 199
799. [30703] → 42
800. [31241] → 13
801. [31151] → 188
802. [31995] → 10
803. [31178] → 109
804. [32614] → 33
805. [32098] → 138
806. [32665] → 6
807. [32081] → 88
808. [30310] → 133
809. [31952] → 261
810. [31470] → 31
811. [30146] → 61
812. [31161] → 49
813. [30309] → 1
814. [32130] → 38
815. [32330] → 174
816. [30640] → 169
817. [30734] → 73
818. [31211] → 93
819. [30815] → 189
820. [30963] → 78
821. [30843] → 52
822. [32049] → 324
823. [30741] → 49
824. [30721] → 25
825. [30099] → 70
826. [31931] → 126
827. [30784] → 23
828. [30612] → 40
829. [31379] → 18
830. [30141] → 86
831. [32023] → 20
832. [31108] → 59
833. [32639] → 55
834. [31257] → 20
835. [31418] → 22
836. [31550] → 28
837. [30248] → 6
838. [30588] → 8
839. [30191] → 169
840. [31458] → 28
841. [31658] → 76
842. [31234] → 101
843. [32743] → 46
844. [32440] → 99
845. [30821] → 25
846. [31471] → 54
847. [32191] → 85
848. [31255] → 39
849. [31262] → 6
850. [30705] → 7
851. [30718] → 11
852. [31555] → 154
853. [31899] → 51
854. [32774] → 125
855. [30672] → 49
856. [30039] → 99
857. [32439] → 98
858. [31959] → 217
859. [30523] → 47
860. [30525] → 44
861. [30537] → 54
862. [30256] → 62
863. [31016] → 25
864. [30996] → 175
865. [31095] → 46
866. [31586] → 40
867. [31101] → 103
868. [31102] → 45
869. [31104] → 164
870. [31109] → 104
871. [31613] → 30
872. [31615] → 108
873. [31619] → 41
874. [31654] → 7
875. [31659] → 3
876. [31660] → 9
877. [30785] → 175
878. [30163] → 46
879. [30165] → 36
880. [31019] → 21
881. [31185] → 9
882. [31487] → 52
883. [32237] → 114
884. [31504] → 246
885. [32258] → 17
886. [31758] → 81
887. [31297] → 30
888. [30023] → 113
889. [30040] → 59
890. [31850] → 53
891. [32259] → 13
892. [30199] → 17
893. [31965] → 71
894. [31649] → 77
895. [31289] → 97
896. [30621] → 92
897. [32176] → 133
898. [30504] → 109
899. [32193] → 45
900. [32198] → 4
901. [30638] → 138
902. [30143] → 38
903. [30722] → 131
904. [31249] → 109
905. [31440] → 86
906. [32190] → 180
907. [31834] → 79
908. [31214] → 56
909. [30451] → 26
910. [30453] → 43
911. [30827] → 68
912. [31160] → 100
913. [31686] → 21
914. [31192] → 84
915. [31911] → 25
916. [32357] → 2
917. [30698] → 61
918. [30699] → 49
919. [30700] → 43
920. [30701] → 95
921. [30706] → 14
922. [30708] → 121
923. [32720] → 75
924. [30675] → 67
925. [31416] → 75
926. [30826] → 82
927. [31477] → 43
928. [30098] → 79
929. [31929] → 88
930. [32622] → 31
931. [30569] → 21
932. [30411] → 12
933. [32787] → 85
934. [30656] → 131
935. [31202] → 186
936. [30424] → 14
937. [30456] → 47
938. [32231] → 119
939. [30139] → 45
940. [31350] → 182
941. [30907] → 47
942. [31961] → 64
943. [30204] → 53
944. [31409] → 18
945. [31415] → 60
946. [30948] → 50
947. [31371] → 101
948. [31967] → 13
949. [31907] → 70
950. [30034] → 46
951. [31017] → 42
952. [30680] → 65
953. [31164] → 72
954. [32325] → 58
955. [30389] → 100
956. [30825] → 48
957. [30443] → 44
958. [30444] → 10
959. [30151] → 31
960. [30136] → 46
961. [31833] → 52
962. [31437] → 43
963. [30473] → 14
964. [30607] → 12
965. [30690] → 45
966. [32003] → 97
967. [32016] → 31
968. [30574] → 86
969. [31786] → 23
970. [31922] → 50
971. [32632] → 41
972. [31213] → 44
973. [30014] → 43
974. [32158] → 10
975. [32165] → 29
976. [30264] → 7
977. [30613] → 65
978. [31377] → 167
979. [30105] → 73
980. [31302] → 98
981. [31742] → 22
982. [31181] → 34
983. [30257] → 47
984. [31370] → 115
985. [30813] → 23
986. [30945] → 21
987. [30324] → 13
988. [31227] → 12
989. [30447] → 27
990. [31532] → 35
991. [30227] → 66
992. [31656] → 15
993. [31238] → 13
994. [31825] → 36
995. [30802] → 72
996. [32087] → 49
997. [30119] → 7
998. [30120] → 19
999. [32040] → 131
1000. [32735] → 10
1001. [31582] → 61
1002. [30563] → 24
1003. [32291] → 26
1004. [30969] → 96
1005. [30622] → 8
1006. [30626] → 8
1007. [30839] → 105
1008. [32181] → 44
1009. [30837] → 80
1010. [30854] → 29
1011. [31347] → 41
1012. [31300] → 70
1013. [31933] → 62
1014. [31710] → 24
1015. [31128] → 58
1016. [30297] → 64
1017. [30932] → 68
1018. [30994] → 46
1019. [31261] → 1
1020. [30738] → 17
1021. [32429] → 41
1022. [32179] → 51
1023. [31158] → 74
1024. [31746] → 24
1025. [31816] → 7
1026. [31817] → 27
1027. [31821] → 28
1028. [31739] → 80
1029. [31274] → 23
1030. [31640] → 64
1031. [32603] → 175
1032. [30934] → 40
1033. [32367] → 43
1034. [31380] → 46
1035. [31385] → 11
1036. [31386] → 22
1037. [30743] → 23
1038. [30744] → 14
1039. [30745] → 14
1040. [30003] → 44
1041. [31558] → 3
1042. [31778] → 62
1043. [32619] → 85
1044. [31895] → 27
1045. [31292] → 32
1046. [32155] → 2
1047. [30021] → 80
1048. [30360] → 125
1049. [31106] → 25
1050. [31874] → 77
1051. [31026] → 31
1052. [32625] → 54
1053. [32609] → 55
1054. [32616] → 51
1055. [30378] → 98
1056. [30200] → 61
1057. [31224] → 73
1058. [32713] → 22
1059. [32335] → 25
1060. [31389] → 54
1061. [31950] → 68
1062. [31215] → 41
1063. [32031] → 129
1064. [32067] → 72
1065. [31136] → 29
1066. [31623] → 52
1067. [31146] → 10
1068. [32747] → 7
1069. [30819] → 58
1070. [30849] → 20
1071. [32194] → 19
1072. [32623] → 40
1073. [31650] → 41
1074. [31813] → 32
1075. [30288] → 77
1076. [30306] → 11
1077. [30637] → 55
1078. [31491] → 4
1079. [31766] → 25
1080. [31323] → 14
1081. [31329] → 34
1082. [31940] → 12
1083. [31609] → 38
1084. [31782] → 3
1085. [31110] → 26
1086. [31688] → 26
1087. [30888] → 47
1088. [30966] → 107
1089. [32606] → 5
1090. [31597] → 100
1091. [32217] → 52
1092. [31283] → 35
1093. [30372] → 36
1094. [31294] → 55
1095. [31171] → 15
1096. [30893] → 76
1097. [30158] → 12
1098. [30249] → 8
1099. [30669] → 17
1100. [30671] → 27
1101. [31877] → 80
1102. [32443] → 28
1103. [30020] → 32
1104. [30775] → 60
1105. [30986] → 49
1106. [30166] → 16
1107. [32289] → 43
1108. [32427] → 23
1109. [30857] → 12
1110. [31089] → 81
1111. [32175] → 23
1112. [30590] → 24
1113. [31172] → 51
1114. [32029] → 37
1115. [32074] → 12
1116. [31173] → 67
1117. [31194] → 30
1118. [31435] → 82
1119. [31475] → 46
1120. [30036] → 20
1121. [32535] → 53
1122. [30896] → 25
1123. [31082] → 28
1124. [32235] → 13
1125. [30568] → 40
1126. [30610] → 160
1127. [31611] → 19
1128. [30898] → 14
1129. [30989] → 40
1130. [30990] → 37
1131. [31948] → 12
1132. [32001] → 11
1133. [32004] → 35
1134. [31988] → 51
1135. [32656] → 2
1136. [32275] → 66
1137. [30145] → 40
1138. [32080] → 15
1139. [31129] → 81
1140. [31120] → 17
1141. [32331] → 53
1142. [32297] → 40
1143. [32721] → 16
1144. [31726] → 39
1145. [30799] → 9
1146. [31998] → 6
1147. [30964] → 19
1148. [30965] → 16
1149. [31928] → 40
1150. [32633] → 17
1151. [32634] → 45
1152. [30924] → 46
1153. [31646] → 24
1154. [32225] → 8
1155. [30902] → 35
1156. [30162] → 19
1157. [32668] → 13
1158. [32205] → 70
1159. [30754] → 49
1160. [31068] → 31
1161. [30423] → 40
1162. [31057] → 18
1163. [32469] → 12
1164. [30112] → 23
1165. [32030] → 23
1166. [32736] → 2
1167. [32019] → 20
1168. [30609] → 43
1169. [31404] → 64
1170. [30258] → 76
1171. [32037] → 60
1172. [32631] → 26
1173. [31561] → 95
1174. [31162] → 46
1175. [31239] → 4
1176. [31187] → 12
1177. [32637] → 12
1178. [32007] → 94
1179. [31999] → 8
1180. [31982] → 3
1181. [30840] → 16
1182. [31610] → 22
1183. [31093] → 29
1184. [32651] → 26
1185. [32312] → 29
1186. [32083] → 21
1187. [32767] → 15
1188. [31376] → 44
1189. [31485] → 20
1190. [31730] → 23
1191. [31336] → 28
1192. [32506] → 34
1193. [32366] → 13
1194. [31150] → 42
1195. [32349] → 8
1196. [32638] → 29
1197. [32208] → 25
1198. [31750] → 26
1199. [31608] → 6
1200. [31763] → 17
1201. [31534] → 11
1202. [31006] → 28
1203. [31661] → 16
1204. [30571] → 40
1205. [30625] → 5
1206. [30714] → 19
1207. [30715] → 11
1208. [30716] → 14
1209. [30748] → 13
1210. [30757] → 3
1211. [31465] → 35
1212. [31559] → 5
1213. [31560] → 12
1214. [32196] → 5
1215. [30326] → 50
1216. [30261] → 36
1217. [31432] → 22
1218. [32417] → 4
1219. [32673] → 12
1220. [30643] → 13
1221. [31408] → 2
1222. [30915] → 1
1223. [30917] → 6
1224. [30562] → 25
1225. [30862] → 15
1226. [31080] → 7
1227. [32612] → 4
1228. [31489] → 15
1229. [30006] → 14
1230. [31781] → 32
1231. [31973] → 12
1232. [30203] → 61
1233. [31790] → 46
1234. [32630] → 7
1235. [31025] → 22
1236. [32178] → 32
1237. [32369] → 54
1238. [30156] → 34
1239. [30167] → 4
1240. [32173] → 14
1241. [30033] → 40
1242. [32272] → 26
1243. [31567] → 32
1244. [30999] → 39
1245. [32457] → 11
1246. [32022] → 34
1247. [31423] → 17
1248. [32575] → 17
1249. [31201] → 29
1250. [31216] → 50
1251. [31514] → 9
1252. [32216] → 70
1253. [31990] → 32
1254. [31584] → 53
1255. [31727] → 14
1256. [31273] → 28
1257. [30464] → 7
1258. [30465] → 8
1259. [31703] → 6
1260. [31704] → 6
1261. [32135] → 20
1262. [30174] → 11
1263. [30558] → 21
1264. [30025] → 21
1265. [30971] → 20
1266. [31083] → 13
1267. [30381] → 14
1268. [31970] → 53
1269. [30855] → 8
1270. [32195] → 1
1271. [31353] → 24
1272. [31761] → 14
1273. [30933] → 21
1274. [31348] → 36
1275. [32604] → 43
1276. [32092] → 44
1277. [31747] → 21
1278. [32577] → 10
1279. [31411] → 38
1280. [31905] → 14
1281. [30980] → 10
1282. [30824] → 11
1283. [32643] → 1
1284. [32645] → 4
1285. [31447] → 14
1286. [32229] → 37
1287. [32671] → 13
1288. [30673] → 31
1289. [31712] → 10
1290. [31167] → 10
1291. [31564] → 5
1292. [31923] → 29
1293. [32011] → 24
1294. [31445] → 20
1295. [31157] → 49
1296. [32075] → 21
1297. [32277] → 17
1298. [31785] → 17
1299. [31985] → 21
1300. [32620] → 54
1301. [30864] → 17
1302. [30890] → 5
1303. [32576] → 9
1304. [32094] → 21
1305. [30844] → 4
1306. [32418] → 23
1307. [30642] → 33
1308. [31787] → 31
1309. [30173] → 18
1310. [31511] → 21
1311. [31513] → 12
1312. [30528] → 24
1313. [32197] → 3
1314. [32200] → 3
1315. [31788] → 6
1316. [32261] → 6
1317. [31897] → 19
1318. [30435] → 24
1319. [31617] → 10
1320. [30406] → 3
1321. [30663] → 19
1322. [30123] → 10
1323. [30127] → 13
1324. [30132] → 13
1325. [31413] → 4
1326. [31414] → 3
1327. [31501] → 24
1328. [31417] → 8
1329. [31259] → 9
1330. [31260] → 5
1331. [31543] → 16
1332. [32708] → 8
1333. [31983] → 2
1334. [30466] → 18
1335. [30614] → 40
1336. [31381] → 47
1337. [31978] → 3
1338. [31142] → 8
1339. [30570] → 6
1340. [32202] → 11
1341. [31139] → 5
1342. [31291] → 11
1343. [31321] → 4
1344. [32233] → 47
1345. [32324] → 37
1346. [30897] → 5
1347. [32777] → 6
1348. [32636] → 7
1349. [31599] → 14
1350. [32267] → 32
1351. [31243] → 6
1352. [32658] → 7
1353. [32659] → 11
1354. [31644] → 16
1355. [31643] → 28
1356. [32605] → 23
1357. [31442] → 5
1358. [32313] → 11
1359. [31635] → 23
1360. [32292] → 11
1361. [31544] → 13
1362. [32629] → 7
1363. [32032] → 4
1364. [30972] → 11
1365. [30674] → 11
1366. [30383] → 10
1367. [30194] → 15
1368. [31229] → 17
1369. [30482] → 11
1370. [30644] → 14
1371. [32456] → 17
1372. [30774] → 21
1373. [30299] → 25
1374. [31992] → 17
1375. [30676] → 3
1376. [31079] → 9
1377. [32415] → 13
1378. [31764] → 7
1379. [30967] → 21
1380. [31993] → 14
1381. [32327] → 8
1382. [31716] → 4
1383. [31526] → 12
1384. [31908] → 4
1385. [30630] → 14
1386. [31467] → 4
1387. [30128] → 2
1388. [30385] → 6
1389. [31563] → 14
1390. [30871] → 11
1391. [30872] → 11
1392. [31464] → 28
1393. [31802] → 6
1394. [31812] → 14
1395. [30210] → 5
1396. [31081] → 7
1397. [32333] → 9
1398. [32321] → 1
1399. [30828] → 4
1400. [30677] → 7
1401. [31700] → 9
1402. [32610] → 3
1403. [30177] → 26
1404. [32342] → 11
1405. [31143] → 3
1406. [31127] → 7
1407. [30518] → 31
1408. [32255] → 6
1409. [32589] → 15
1410. [30817] → 9
1411. [32588] → 9
1412. [32350] → 1
1413. [31976] → 4
1414. [32139] → 16
1415. [31319] → 6
1416. [31557] → 29
1417. [30583] → 8
1418. [30211] → 9
1419. [32151] → 3
1420. [32157] → 9
1421. [31306] → 4
1422. [31324] → 2
1423. [32042] → 3
1424. [32009] → 13
1425. [30620] → 8
1426. [30367] → 9
1427. [30368] → 2
1428. [30369] → 6
1429. [32314] → 9
1430. [32161] → 4
1431. [32341] → 5
1432. [31751] → 13
1433. [31689] → 30
1434. [30645] → 21
1435. [30266] → 4
1436. [30916] → 4
1437. [32209] → 6
1438. [31589] → 19
1439. [32574] → 8
1440. [30958] → 6
1441. [30867] → 5
1442. [30076] → 1
1443. [31740] → 10
1444. [32234] → 6
1445. [30595] → 1
1446. [30660] → 1
1447. [31000] → 3
1448. [30731] → 3
1449. [30122] → 4
1450. [30124] → 5
1451. [32646] → 1
1452. [30157] → 7
1453. [31529] → 21
1454. [30752] → 3
1455. [32570] → 14
1456. [32332] → 9
1457. [32192] → 3
1458. [32611] → 7
1459. [31084] → 1
1460. [30307] → 28
1461. [30087] → 11
1462. [30209] → 4
1463. [32521] → 13
1464. [31189] → 7
1465. [31562] → 13
1466. [30899] → 4
1467. [32153] → 14
1468. [32201] → 18
1469. [32013] → 8
1470. [32596] → 15
1471. [31263] → 6
1472. [30760] → 6
1473. [31254] → 15
1474. [30895] → 4
1475. [32352] → 2
1476. [30178] → 6
1477. [31469] → 9
1478. [31027] → 4
1479. [32485] → 3
1480. [32732] → 8
1481. [30484] → 4
1482. [30485] → 2
1483. [31638] → 9
1484. [30641] → 9
1485. [30382] → 7
1486. [32317] → 1
1487. [32090] → 14
1488. [30804] → 6
1489. [31256] → 3
1490. [31548] → 6
1491. [30602] → 6
1492. [30750] → 1
1493. [31439] → 6
1494. [30627] → 2
1495. [31341] → 6
1496. [31612] → 3
1497. [32014] → 5
1498. [32061] → 4
1499. [31035] → 1
1500. [32152] → 7
1501. [30882] → 2
1502. [31604] → 2
1503. [32136] → 2
1504. [31484] → 6
1505. [30566] → 1
1506. [30008] → 5
1507. [32162] → 6
1508. [31801] → 5
1509. [32084] → 5
1510. [32613] → 5
1511. [32163] → 7
1512. [31919] → 2
1513. [32648] → 1
1514. [31233] → 9
1515. [30704] → 4
1516. [30090] → 5
1517. [31709] → 7
1518. [31542] → 2
1519. [30480] → 5
1520. [30946] → 8
1521. [31762] → 1
1522. [30321] → 2
1523. [32731] → 11
1524. [30667] → 4
1525. [30619] → 3
1526. [30477] → 4
1527. [30476] → 1
1528. [31020] → 5
1529. [31299] → 5
1530. [30088] → 3
1531. [32769] → 1
1532. [30832] → 2
1533. [31137] → 3
1534. [31429] → 1
1535. [30956] → 1
1536. [31810] → 5
1537. [32309] → 2
1538. [32096] → 4
1539. [32334] → 3
1540. [31193] → 3
1541. [31186] → 5
1542. [32744] → 2
1543. [30747] → 1
1544. [30729] → 2
1545. [30371] → 2
1546. [31885] → 4
1547. [31433] → 1
1548. [32496] → 2
1549. [31826] → 6
1550. [30739] → 1
1551. [30702] → 1
1552. [31759] → 3
1553. [32347] → 1
1554. [30170] → 2
1555. [32065] → 3
1556. [32358] → 2
1557. [32650] → 2
1558. [31182] → 2
1559. [32095] → 1
1560. [30540] → 2
1561. [30541] → 2
1562. [30542] → 2
1563. [30543] → 1
1564. [30097] → 1
1565. [31760] → 5
1566. [30661] → 4
1567. [32170] → 1
1568. [32242] → 6
1569. [32738] → 5
1570. [31282] → 4
1571. [30603] → 7
1572. [31258] → 4
1573. [30479] → 1
1574. [31431] → 9
1575. [31197] → 3
1576. [30623] → 1
1577. [30730] → 2
1578. [31118] → 1
1579. [32339] → 1
1580. [31939] → 1
1581. [32091] → 1
1582. [32660] → 2
1583. [30866] → 2
1584. [32421] → 1
1585. [31517] → 2
1586. [32093] → 1
1587. [30664] → 2
1588. [32115] → 2
1589. [31451] → 1
1590. [31519] → 3
1591. [32422] → 1
1592. [32746] → 1
1593. [32320] → 1
1594. [30449] → 1
1595. [30670] → 1
1596. [30720] → 2
1597. [30737] → 1
1598. [31651] → 1
1599. [30860] → 1
1600. [32543] → 1
1601. [30903] → 1
